V1 100.0 1 100
V2 60.0 5 96
R1 4.0 1 2
R2 4.0 2 3
R3 4.0 3 4
R4 4.0 4 5
R5 4.0 6 7
R6 4.0 7 8
R7 4.0 8 9
R8 4.0 9 10
R9 4.0 11 12
R10 4.0 12 13
R11 4.0 13 14
R12 4.0 14 15
R13 4.0 16 17
R14 4.0 17 18
R15 4.0 18 19
R16 4.0 19 20
R17 4.0 21 22
R18 4.0 22 23
R19 4.0 23 24
R20 4.0 24 25
R21 4.0 26 27
R22 4.0 27 28
R23 4.0 28 29
R24 4.0 29 30
R25 4.0 31 32
R26 4.0 32 33
R27 4.0 33 34
R28 4.0 34 35
R29 4.0 36 37
R30 4.0 37 38
R31 4.0 38 39
R32 4.0 39 40
R33 4.0 41 42
R34 4.0 42 43
R35 4.0 43 44
R36 4.0 44 45
R37 4.0 46 47
R38 4.0 47 48
R39 4.0 48 49
R40 4.0 49 50
R41 4.0 51 52
R42 4.0 52 53
R43 4.0 53 54
R44 4.0 54 55
R45 4.0 56 57
R46 4.0 57 58
R47 4.0 58 59
R48 4.0 59 60
R49 4.0 61 62
R50 4.0 62 63
R51 4.0 63 64
R52 4.0 64 65
R53 4.0 66 67
R54 4.0 67 68
R55 4.0 68 69
R56 4.0 69 70
R57 4.0 71 72
R58 4.0 72 73
R59 4.0 73 74
R60 4.0 74 75
R61 4.0 76 77
R62 4.0 77 78
R63 4.0 78 79
R64 4.0 79 80
R65 4.0 81 82
R66 4.0 82 83
R67 4.0 83 84
R68 4.0 84 85
R69 4.0 86 87
R70 4.0 87 88
R71 4.0 88 89
R72 4.0 89 90
R73 4.0 91 92
R74 4.0 92 93
R75 4.0 93 94
R76 4.0 94 95
R77 4.0 96 97
R78 4.0 97 98
R79 4.0 98 99
R80 4.0 99 100
R81 10.0 1 6
R82 10.0 2 7
R83 10.0 3 8
R84 10.0 4 9
R85 10.0 5 10
R86 10.0 6 11
R87 10.0 7 12
R88 10.0 8 13
R89 10.0 9 14
R90 10.0 10 15
R91 10.0 11 16
R92 10.0 12 17
R93 10.0 13 18
R94 10.0 14 19
R95 10.0 15 20
R96 10.0 16 21
R97 10.0 17 22
R98 10.0 18 23
R99 10.0 19 24
R100 10.0 20 25
R101 10.0 21 26
R102 10.0 22 27
R103 10.0 23 28
R104 10.0 24 29
R105 10.0 25 30
R106 10.0 26 31
R107 10.0 27 32
R108 10.0 28 33
R109 10.0 29 34
R110 10.0 30 35
R111 10.0 31 36
R112 10.0 32 37
R113 10.0 33 38
R114 10.0 34 39
R115 10.0 35 40
R116 10.0 36 41
R117 10.0 37 42
R118 10.0 38 43
R119 10.0 39 44
R120 10.0 40 45
R121 10.0 41 46
R122 10.0 42 47
R123 10.0 43 48
R124 10.0 44 49
R125 10.0 45 50
R126 10.0 46 51
R127 10.0 47 52
R128 10.0 48 53
R129 10.0 49 54
R130 10.0 50 55
R131 10.0 51 56
R132 10.0 52 57
R133 10.0 53 58
R134 10.0 54 59
R135 10.0 55 60
R136 10.0 56 61
R137 10.0 57 62
R138 10.0 58 63
R139 10.0 59 64
R140 10.0 60 65
R141 10.0 61 66
R142 10.0 62 67
R143 10.0 63 68
R144 10.0 64 69
R145 10.0 65 70
R146 10.0 66 71
R147 10.0 67 72
R148 10.0 68 73
R149 10.0 69 74
R150 10.0 70 75
R151 10.0 71 76
R152 10.0 72 77
R153 10.0 73 78
R154 10.0 74 79
R155 10.0 75 80
R156 10.0 76 81
R157 10.0 77 82
R158 10.0 78 83
R159 10.0 79 84
R160 10.0 80 85
R161 10.0 81 86
R162 10.0 82 87
R163 10.0 83 88
R164 10.0 84 89
R165 10.0 85 90
R166 10.0 86 91
R167 10.0 87 92
R168 10.0 88 93
R169 10.0 89 94
R170 10.0 90 95
R171 10.0 91 96
R172 10.0 92 97
R173 10.0 93 98
R174 10.0 94 99
R175 10.0 95 100