V1 200.0 1 200
V2 110.0 5 196
R1 4.0 1 2
R2 4.0 2 3
R3 4.0 3 4
R4 4.0 4 5
R5 4.0 6 7
R6 4.0 7 8
R7 4.0 8 9
R8 4.0 9 10
R9 4.0 11 12
R10 4.0 12 13
R11 4.0 13 14
R12 4.0 14 15
R13 4.0 16 17
R14 4.0 17 18
R15 4.0 18 19
R16 4.0 19 20
R17 4.0 21 22
R18 4.0 22 23
R19 4.0 23 24
R20 4.0 24 25
R21 4.0 26 27
R22 4.0 27 28
R23 4.0 28 29
R24 4.0 29 30
R25 4.0 31 32
R26 4.0 32 33
R27 4.0 33 34
R28 4.0 34 35
R29 4.0 36 37
R30 4.0 37 38
R31 4.0 38 39
R32 4.0 39 40
R33 4.0 41 42
R34 4.0 42 43
R35 4.0 43 44
R36 4.0 44 45
R37 4.0 46 47
R38 4.0 47 48
R39 4.0 48 49
R40 4.0 49 50
R41 4.0 51 52
R42 4.0 52 53
R43 4.0 53 54
R44 4.0 54 55
R45 4.0 56 57
R46 4.0 57 58
R47 4.0 58 59
R48 4.0 59 60
R49 4.0 61 62
R50 4.0 62 63
R51 4.0 63 64
R52 4.0 64 65
R53 4.0 66 67
R54 4.0 67 68
R55 4.0 68 69
R56 4.0 69 70
R57 4.0 71 72
R58 4.0 72 73
R59 4.0 73 74
R60 4.0 74 75
R61 4.0 76 77
R62 4.0 77 78
R63 4.0 78 79
R64 4.0 79 80
R65 4.0 81 82
R66 4.0 82 83
R67 4.0 83 84
R68 4.0 84 85
R69 4.0 86 87
R70 4.0 87 88
R71 4.0 88 89
R72 4.0 89 90
R73 4.0 91 92
R74 4.0 92 93
R75 4.0 93 94
R76 4.0 94 95
R77 4.0 96 97
R78 4.0 97 98
R79 4.0 98 99
R80 4.0 99 100
R81 4.0 101 102
R82 4.0 102 103
R83 4.0 103 104
R84 4.0 104 105
R85 4.0 106 107
R86 4.0 107 108
R87 4.0 108 109
R88 4.0 109 110
R89 4.0 111 112
R90 4.0 112 113
R91 4.0 113 114
R92 4.0 114 115
R93 4.0 116 117
R94 4.0 117 118
R95 4.0 118 119
R96 4.0 119 120
R97 4.0 121 122
R98 4.0 122 123
R99 4.0 123 124
R100 4.0 124 125
R101 4.0 126 127
R102 4.0 127 128
R103 4.0 128 129
R104 4.0 129 130
R105 4.0 131 132
R106 4.0 132 133
R107 4.0 133 134
R108 4.0 134 135
R109 4.0 136 137
R110 4.0 137 138
R111 4.0 138 139
R112 4.0 139 140
R113 4.0 141 142
R114 4.0 142 143
R115 4.0 143 144
R116 4.0 144 145
R117 4.0 146 147
R118 4.0 147 148
R119 4.0 148 149
R120 4.0 149 150
R121 4.0 151 152
R122 4.0 152 153
R123 4.0 153 154
R124 4.0 154 155
R125 4.0 156 157
R126 4.0 157 158
R127 4.0 158 159
R128 4.0 159 160
R129 4.0 161 162
R130 4.0 162 163
R131 4.0 163 164
R132 4.0 164 165
R133 4.0 166 167
R134 4.0 167 168
R135 4.0 168 169
R136 4.0 169 170
R137 4.0 171 172
R138 4.0 172 173
R139 4.0 173 174
R140 4.0 174 175
R141 4.0 176 177
R142 4.0 177 178
R143 4.0 178 179
R144 4.0 179 180
R145 4.0 181 182
R146 4.0 182 183
R147 4.0 183 184
R148 4.0 184 185
R149 4.0 186 187
R150 4.0 187 188
R151 4.0 188 189
R152 4.0 189 190
R153 4.0 191 192
R154 4.0 192 193
R155 4.0 193 194
R156 4.0 194 195
R157 4.0 196 197
R158 4.0 197 198
R159 4.0 198 199
R160 4.0 199 200
R161 10.0 1 6
R162 10.0 2 7
R163 10.0 3 8
R164 10.0 4 9
R165 10.0 5 10
R166 10.0 6 11
R167 10.0 7 12
R168 10.0 8 13
R169 10.0 9 14
R170 10.0 10 15
R171 10.0 11 16
R172 10.0 12 17
R173 10.0 13 18
R174 10.0 14 19
R175 10.0 15 20
R176 10.0 16 21
R177 10.0 17 22
R178 10.0 18 23
R179 10.0 19 24
R180 10.0 20 25
R181 10.0 21 26
R182 10.0 22 27
R183 10.0 23 28
R184 10.0 24 29
R185 10.0 25 30
R186 10.0 26 31
R187 10.0 27 32
R188 10.0 28 33
R189 10.0 29 34
R190 10.0 30 35
R191 10.0 31 36
R192 10.0 32 37
R193 10.0 33 38
R194 10.0 34 39
R195 10.0 35 40
R196 10.0 36 41
R197 10.0 37 42
R198 10.0 38 43
R199 10.0 39 44
R200 10.0 40 45
R201 10.0 41 46
R202 10.0 42 47
R203 10.0 43 48
R204 10.0 44 49
R205 10.0 45 50
R206 10.0 46 51
R207 10.0 47 52
R208 10.0 48 53
R209 10.0 49 54
R210 10.0 50 55
R211 10.0 51 56
R212 10.0 52 57
R213 10.0 53 58
R214 10.0 54 59
R215 10.0 55 60
R216 10.0 56 61
R217 10.0 57 62
R218 10.0 58 63
R219 10.0 59 64
R220 10.0 60 65
R221 10.0 61 66
R222 10.0 62 67
R223 10.0 63 68
R224 10.0 64 69
R225 10.0 65 70
R226 10.0 66 71
R227 10.0 67 72
R228 10.0 68 73
R229 10.0 69 74
R230 10.0 70 75
R231 10.0 71 76
R232 10.0 72 77
R233 10.0 73 78
R234 10.0 74 79
R235 10.0 75 80
R236 10.0 76 81
R237 10.0 77 82
R238 10.0 78 83
R239 10.0 79 84
R240 10.0 80 85
R241 10.0 81 86
R242 10.0 82 87
R243 10.0 83 88
R244 10.0 84 89
R245 10.0 85 90
R246 10.0 86 91
R247 10.0 87 92
R248 10.0 88 93
R249 10.0 89 94
R250 10.0 90 95
R251 10.0 91 96
R252 10.0 92 97
R253 10.0 93 98
R254 10.0 94 99
R255 10.0 95 100
R256 10.0 96 101
R257 10.0 97 102
R258 10.0 98 103
R259 10.0 99 104
R260 10.0 100 105
R261 10.0 101 106
R262 10.0 102 107
R263 10.0 103 108
R264 10.0 104 109
R265 10.0 105 110
R266 10.0 106 111
R267 10.0 107 112
R268 10.0 108 113
R269 10.0 109 114
R270 10.0 110 115
R271 10.0 111 116
R272 10.0 112 117
R273 10.0 113 118
R274 10.0 114 119
R275 10.0 115 120
R276 10.0 116 121
R277 10.0 117 122
R278 10.0 118 123
R279 10.0 119 124
R280 10.0 120 125
R281 10.0 121 126
R282 10.0 122 127
R283 10.0 123 128
R284 10.0 124 129
R285 10.0 125 130
R286 10.0 126 131
R287 10.0 127 132
R288 10.0 128 133
R289 10.0 129 134
R290 10.0 130 135
R291 10.0 131 136
R292 10.0 132 137
R293 10.0 133 138
R294 10.0 134 139
R295 10.0 135 140
R296 10.0 136 141
R297 10.0 137 142
R298 10.0 138 143
R299 10.0 139 144
R300 10.0 140 145
R301 10.0 141 146
R302 10.0 142 147
R303 10.0 143 148
R304 10.0 144 149
R305 10.0 145 150
R306 10.0 146 151
R307 10.0 147 152
R308 10.0 148 153
R309 10.0 149 154
R310 10.0 150 155
R311 10.0 151 156
R312 10.0 152 157
R313 10.0 153 158
R314 10.0 154 159
R315 10.0 155 160
R316 10.0 156 161
R317 10.0 157 162
R318 10.0 158 163
R319 10.0 159 164
R320 10.0 160 165
R321 10.0 161 166
R322 10.0 162 167
R323 10.0 163 168
R324 10.0 164 169
R325 10.0 165 170
R326 10.0 166 171
R327 10.0 167 172
R328 10.0 168 173
R329 10.0 169 174
R330 10.0 170 175
R331 10.0 171 176
R332 10.0 172 177
R333 10.0 173 178
R334 10.0 174 179
R335 10.0 175 180
R336 10.0 176 181
R337 10.0 177 182
R338 10.0 178 183
R339 10.0 179 184
R340 10.0 180 185
R341 10.0 181 186
R342 10.0 182 187
R343 10.0 183 188
R344 10.0 184 189
R345 10.0 185 190
R346 10.0 186 191
R347 10.0 187 192
R348 10.0 188 193
R349 10.0 189 194
R350 10.0 190 195
R351 10.0 191 196
R352 10.0 192 197
R353 10.0 193 198
R354 10.0 194 199
R355 10.0 195 200