V1 30.0 1 25
V2 40.0 5 21
R1 4.0 1 2
R2 4.0 2 3
R3 4.0 3 4
R4 4.0 4 5
R5 4.0 6 7
R6 4.0 7 8
R7 4.0 8 9
R8 4.0 9 10
R9 4.0 11 12
R10 4.0 12 13
R11 4.0 13 14
R12 4.0 14 15
R13 4.0 16 17
R14 4.0 17 18
R15 4.0 18 19
R16 4.0 19 20
R17 4.0 21 22
R18 4.0 22 23
R19 4.0 23 24
R20 4.0 24 25
R21 10.0 1 6
R22 10.0 2 7
R23 10.0 3 8
R24 10.0 4 9
R25 10.0 5 10
R26 10.0 6 11
R27 10.0 7 12
R28 10.0 8 13
R29 10.0 9 14
R30 10.0 10 15
R31 10.0 11 16
R32 10.0 12 17
R33 10.0 13 18
R34 10.0 14 19
R35 10.0 15 20
R36 10.0 16 21
R37 10.0 17 22
R38 10.0 18 23
R39 10.0 19 24
R40 10.0 20 25