V1 50.0 1 50
V2 30.0 5 46
R1 4.0 1 2
R2 4.0 2 3
R3 4.0 3 4
R4 4.0 4 5
R5 4.0 6 7
R6 4.0 7 8
R7 4.0 8 9
R8 4.0 9 10
R9 4.0 11 12
R10 4.0 12 13
R11 4.0 13 14
R12 4.0 14 15
R13 4.0 16 17
R14 4.0 17 18
R15 4.0 18 19
R16 4.0 19 20
R17 4.0 21 22
R18 4.0 22 23
R19 4.0 23 24
R20 4.0 24 25
R21 4.0 26 27
R22 4.0 27 28
R23 4.0 28 29
R24 4.0 29 30
R25 4.0 31 32
R26 4.0 32 33
R27 4.0 33 34
R28 4.0 34 35
R29 4.0 36 37
R30 4.0 37 38
R31 4.0 38 39
R32 4.0 39 40
R33 4.0 41 42
R34 4.0 42 43
R35 4.0 43 44
R36 4.0 44 45
R37 4.0 46 47
R38 4.0 47 48
R39 4.0 48 49
R40 4.0 49 50
R41 10.0 1 6
R42 10.0 2 7
R43 10.0 3 8
R44 10.0 4 9
R45 10.0 5 10
R46 10.0 6 11
R47 10.0 7 12
R48 10.0 8 13
R49 10.0 9 14
R50 10.0 10 15
R51 10.0 11 16
R52 10.0 12 17
R53 10.0 13 18
R54 10.0 14 19
R55 10.0 15 20
R56 10.0 16 21
R57 10.0 17 22
R58 10.0 18 23
R59 10.0 19 24
R60 10.0 20 25
R61 10.0 21 26
R62 10.0 22 27
R63 10.0 23 28
R64 10.0 24 29
R65 10.0 25 30
R66 10.0 26 31
R67 10.0 27 32
R68 10.0 28 33
R69 10.0 29 34
R70 10.0 30 35
R71 10.0 31 36
R72 10.0 32 37
R73 10.0 33 38
R74 10.0 34 39
R75 10.0 35 40
R76 10.0 36 41
R77 10.0 37 42
R78 10.0 38 43
R79 10.0 39 44
R80 10.0 40 45
R81 10.0 41 46
R82 10.0 42 47
R83 10.0 43 48
R84 10.0 44 49
R85 10.0 45 50
EOF